000011 0
001011 0
010011 0
011011 0
100001 0
100011 0
101001 0
101011 0
101110 0
110011 0
111011 0

000010 1
001010 1
001100 1
010010 1
010111 1
011010 1
011100 1
100010 1
100110 1
101010 1
101100 1
110001 1
110010 1
110111 1
111001 1
111010 1
111100 1

000001 2
001001 2
100000 2
101000 2
110000 2
111000 2
111110 2

000000 3
000101 3
001000 3
001101 3
010000 3
010001 3
010101 3
011000 3
011001 3
011101 3
011111 3
100101 3
101101 3
110101 3
110110 3
111101 3

001110 4

000100 5
000110 5
000111 5
010100 5
100100 5
100111 5
110100 5

011110 6

001111 7
010110 7
101111 7
